#
#	bridge layout for Xmahjongg
#
#-----------------------------------------------------------------------------#
	 0	 1	 0
	 2	 1	 0
	 4	 1	 0
	 6	 1	 0
	 8	 1	 0
	10	 1	 0
	12	 1	 0
	14	 1	 0
	 0	 1	 1
	 2	 1	 1
	 4	 1	 1
	 6	 1	 1
	 8	 1	 1
	10	 1	 1
	12	 1	 1
	14	 1	 1
	 0	 1	 2
	 2	 1	 2
	 4	 1	 2
	 6	 1	 2
	 8	 1	 2
	10	 1	 2
	12	 1	 2
	14	 1	 2
	 0	 1	 3
	 2	 1	 3
	 4	 1	 3
	 6	 1	 3
	 8	 1	 3
	10	 1	 3
	12	 1	 3
	14	 1	 3
#-----------------------------------------------------------------------------#
	 0	27	 0
	 2	27	 0
	 4	27	 0
	 6	27	 0
	 8	27	 0
	10	27	 0
	12	27	 0
	14	27	 0
	 0	27	 1
	 2	27	 1
	 4	27	 1
	 6	27	 1
	 8	27	 1
	10	27	 1
	12	27	 1
	14	27	 1
	 0	27	 2
	 2	27	 2
	 4	27	 2
	 6	27	 2
	 8	27	 2
	10	27	 2
	12	27	 2
	14	27	 2
	 0	27	 3
	 2	27	 3
	 4	27	 3
	 6	27	 3
	 8	27	 3
	10	27	 3
	12	27	 3
	14	27	 3
#-----------------------------------------------------------------------------#
	 2	 3	 0
	 4	 3	 0
	 6	 3	 0
	 8	 3	 0
	10	 3	 0
	12	 3	 0
	 2	 3	 1
	 4	 3	 1
	 6	 3	 1
	 8	 3	 1
	10	 3	 1
	12	 3	 1
	 2	 3	 2
	 4	 3	 2
	 6	 3	 2
	 8	 3	 2
	10	 3	 2
	12	 3	 2
#-----------------------------------------------------------------------------#
	 2	25	 0
	 4	25	 0
	 6	25	 0
	 8	25	 0
	10	25	 0
	12	25	 0
	 2	25	 1
	 4	25	 1
	 6	25	 1
	 8	25	 1
	10	25	 1
	12	25	 1
	 2	25	 2
	 4	25	 2
	 6	25	 2
	 8	25	 2
	10	25	 2
	12	25	 2
#-----------------------------------------------------------------------------#
	 4	 5	 0
	 6	 5	 0
	 8	 5	 0
	10	 5	 0
	 4	 5	 1
	 6	 5	 1
	 8	 5	 1
	10	 5	 1
#-----------------------------------------------------------------------------#
	 4	23	 0
	 6	23	 0
	 8	23	 0
	10	23	 0
	 4	23	 1
	 6	23	 1
	 8	23	 1
	10	23	 1
#-----------------------------------------------------------------------------#
	 6	 7	 0
	 8	 7	 0
#-----------------------------------------------------------------------------#
	 6	21	 0
	 8	21	 0
#-----------------------------------------------------------------------------#
	 7	 9	 0
	 7	11	 0
	 7	13	 0
	 7	15	 0
	 7	17	 0
	 7	19	 0
#-----------------------------------------------------------------------------#
	 7	10	 1
	 7	12	 1
	 7	14	 1
	 7	16	 1
	 7	18	 1
#-----------------------------------------------------------------------------#
	 7	11	 2
	 7	13	 2
	 7	15	 2
	 7	17	 2
#-----------------------------------------------------------------------------#
	 7	12	 3
	 7	14	 3
	 7	16	 3
#-----------------------------------------------------------------------------#
	 7	13	 4
	 7	15	 4
#-----------------------------------------------------------------------------#
	 7	14	 5
#-----------------------------------------------------------------------------#
	 5	13	 0
	 5	15	 0
	 9	14	 0
