#
#	default layout for Xmahjongg
#
#-----------------------------------------------------------------------------#
	 0	 2	 0
	 0	 4	 0
	 0	 6	 0
	 0	 8	 0
	 0	10	 0
	 0	12	 0
	 0	14	 0
	 0	16	 0
	 0	18	 0
	 0	20	 0
	 0	22	 0
	 0	24	 0
	 2	 6	 0
	 2	 8	 0
	 2	10	 0
	 2	12	 0
	 2	14	 0
	 2	16	 0
	 2	18	 0
	 2	20	 0
	 4	 4	 0
	 4	 6	 0
	 4	 8	 0
	 4	10	 0
	 4	12	 0
	 4	14	 0
	 4	16	 0
	 4	18	 0
	 4	20	 0
	 4	22	 0
	 6	 2	 0
	 6	 4	 0
	 6	 6	 0
	 6	 8	 0
	 6	10	 0
	 6	12	 0
	 6	14	 0
	 6	16	 0
	 6	18	 0
	 6	20	 0
	 6	22	 0
	 6	24	 0
	 7	 0	 0
	 7	26	 0
	 7	28	 0
	 8	 2	 0
	 8	 4	 0
	 8	 6	 0
	 8	 8	 0
	 8	10	 0
	 8	12	 0
	 8	14	 0
	 8	16	 0
	 8	18	 0
	 8	20	 0
	 8	22	 0
	 8	24	 0
	10	 4	 0
	10	 6	 0
	10	 8	 0
	10	10	 0
	10	12	 0
	10	14	 0
	10	16	 0
	10	18	 0
	10	20	 0
	10	22	 0
	12	 6	 0
	12	 8	 0
	12	10	 0
	12	12	 0
	12	14	 0
	12	16	 0
	12	18	 0
	12	20	 0
	14	 2	 0
	14	 4	 0
	14	 6	 0
	14	 8	 0
	14	10	 0
	14	12	 0
	14	14	 0
	14	16	 0
	14	18	 0
	14	20	 0
	14	22	 0
	14	24	 0
#-----------------------------------------------------------------------------#
	 2	 8	 1
	 2	10	 1
	 2	12	 1
	 2	14	 1
	 2	16	 1
	 2	18	 1
	 4	 8	 1
	 4	10	 1
	 4	12	 1
	 4	14	 1
	 4	16	 1
	 4	18	 1
	 6	 8	 1
	 6	10	 1
	 6	12	 1
	 6	14	 1
	 6	16	 1
	 6	18	 1
	 8	 8	 1
	 8	10	 1
	 8	12	 1
	 8	14	 1
	 8	16	 1
	 8	18	 1
	10	 8	 1
	10	10	 1
	10	12	 1
	10	14	 1
	10	16	 1
	10	18	 1
	12	 8	 1
	12	10	 1
	12	12	 1
	12	14	 1
	12	16	 1
	12	18	 1
#-----------------------------------------------------------------------------#
	 4	10	 2
	 4	12	 2
	 4	14	 2
	 4	16	 2
	 6	10	 2
	 6	12	 2
	 6	14	 2
	 6	16	 2
	 8	10	 2
	 8	12	 2
	 8	14	 2
	 8	16	 2
	10	10	 2
	10	12	 2
	10	14	 2
	10	16	 2
#-----------------------------------------------------------------------------#
	 6	12	 3
	 6	14	 3
	 8	12	 3
	 8	14	 3
#-----------------------------------------------------------------------------#
	 7	13	 4
