#
#	wedges layout for xmahjongg
#
  0   24    0
  0   22    0
  0   20    0
  2   22    0
  6   26    0
  0   18    0
  2   20    0
  8   26    0
  0   16    0
  2   18    0
  4   20    0
  8   24    0
 10   26    0
  0   14    0
  2   16    0
  4   18    0
 10   24    0
 12   26    0
  0   12    0
  2   14    0
  4   16    0
  6   18    0
 10   22    0
 12   24    0
  0   10    0
  2   12    0
  4   14    0
  6   16    0
 12   22    0
  0    8    0
  2   10    0
  4   12    0
  6   14    0
  8   16    0
 12   20    0
  0    6    0
  2    8    0
  4   10    0
  6   12    0
  8   14    0
  0    4    0
  2    6    0
  4    8    0
  6   10    0
  8   12    0
 10   14    0
 12   14    0
 14   16    0
 14   14    0
 14   12    0
  6    2    0
  8    4    0
 10    6    0
 12    8    0
  8    2    0
 10    4    0
 12    6    0
 10    2    0
 12    4    0
 12    2    0
  0   22    1
  0   20    1
  0   18    1
  2   20    1
  8   26    1
  0   16    1
  2   18    1
 10   26    1
  0   14    1
  2   16    1
  4   18    1
 10   24    1
 12   26    1
  0   12    1
  2   14    1
  4   16    1
 12   24    1
  0   10    1
  2   12    1
  4   14    1
  6   16    1
 12   22    1
  0    8    1
  2   10    1
  4   12    1
  6   14    1
  0    6    1
  2    8    1
  4   10    1
  6   12    1
  8   14    1
 14   15    1
 14   13    1
  8    2    1
 10    4    1
 12    6    1
 10    2    1
 12    4    1
 12    2    1
  0   20    2
  0   18    2
  2   20    2
  0   16    2
  2   18    2
 10   26    2
  0   14    2
  2   16    2
  4   18    2
 12   26    2
  0   12    2
  2   14    2
  4   16    2
 12   24    2
  0   10    2
  2   12    2
  4   14    2
  6   16    2
  0    8    2
  2   10    2
  4   12    2
  6   14    2
 14   14    2
 10    2    2
 12    4    2
 12    2    2
  0   18    3
  0   16    3
  2   18    3
  0   14    3
  2   16    3
 12   26    3
  0   12    3
  2   14    3
  4   16    3
  0   10    3
  2   12    3
  4   14    3
 12    2    3
  0   16    4
  0   14    4
  2   16    4
  0   12    4
  2   14    4
  0   14    5
